
Time Taken to Process data into dictionary (ms):12694ms

Lemma 
Document Count : 1400
Doc pos : 16800
Posting pointer Pos : 422492
Index pos : 392150
Term Count : 8525
time taken to write Index1(Lemma) Uncompressed File (ms):55ms

Stemma 
Document Count : 1400
Doc pos : 16800
Posting pointer Pos : 417112
Index pos : 328072
Term Count : 7132
time taken to write Index2(Stemma) Uncompressed File (ms):36ms

Lemma Block Compressed 
Document Count : 1400
Doc pos : 16800
Total Number of Terms : 8525
Posting pointer Pos : 155555
Posting pointer Pos Count : 8525
Term length count = 72271
TERM pos count : 80726
Index pos count : 106564
time taken to write Index1(Lemma) Compressed File (ms):110ms

Stemma Front Coding and Compressed
Document Count : 1400
Doc pos : 16800
Total Number of Terms : 7132
Posting pointer Pos : 143078
Posting pointer Pos Count : 7132
Term length count = 50603
TERM pos count : 51438
Index pos count : 89152
time taken to write Index2(Stemma) Compressed File (ms):132ms

Extra Point Questions

boundary { df : 413, tf : 926 } posting list [2, 3, 4, 7, 8, 9, 12, 16, 17, 18, 21, 22, 23, 24, 34, 37, 40, 43, 45, 47, 49, 50, 53, 54, 55, 59, 62, 63, 71, 72, 73, 74, 76, 78, 79, 80, 89, 94, 96, 101, 104, 105, 107, 111, 112, 117, 121, 125, 126, 127, 128, 131, 133, 134, 135, 140, 142, 145, 148, 149, 150, 151, 155, 160, 163, 165, 168, 170, 173, 174, 179, 180, 188, 189, 191, 192, 195, 207, 209, 220, 222, 227, 228, 240, 241, 242, 244, 254, 255, 256, 260, 261, 264, 265, 266, 267, 269, 271, 272, 276, 282, 291, 292, 293, 294, 298, 299, 300, 303, 304, 305, 306, 307, 308, 309, 310, 314, 315, 316, 318, 320, 321, 322, 324, 325, 326, 327, 328, 329, 334, 335, 336, 337, 338, 339, 340, 341, 342, 343, 344, 345, 346, 347, 348, 349, 352, 353, 355, 358, 359, 363, 364, 365, 366, 375, 376, 377, 378, 381, 382, 383, 388, 391, 393, 397, 406, 413, 417, 422, 424, 425, 432, 435, 439, 448, 450, 452, 454, 457, 458, 459, 460, 461, 472, 475, 476, 477, 478, 479, 481, 484, 487, 489, 493, 496, 504, 518, 525, 526, 527, 528, 529, 538, 540, 542, 547, 551, 553, 555, 559, 560, 562, 563, 564, 565, 568, 569, 570, 572, 573, 576, 584, 585, 587, 604, 607, 608, 610, 611, 628, 629, 630, 641, 643, 644, 645, 646, 648, 652, 655, 659, 661, 662, 664, 666, 667, 668, 671, 672, 679, 685, 686, 689, 690, 721, 730, 731, 732, 734, 736, 754, 766, 771, 773, 784, 785, 788, 789, 792, 796, 798, 799, 830, 837, 843, 851, 855, 857, 858, 859, 861, 872, 889, 899, 912, 933, 934, 944, 948, 959, 961, 962, 965, 966, 972, 974, 976, 977, 978, 979, 981, 992, 996, 997, 1008, 1036, 1040, 1041, 1047, 1053, 1055, 1056, 1059, 1061, 1072, 1076, 1080, 1082, 1083, 1100, 1106, 1107, 1109, 1142, 1149, 1154, 1155, 1157, 1180, 1181, 1182, 1184, 1185, 1187, 1188, 1191, 1192, 1193, 1195, 1199, 1200, 1205, 1209, 1210, 1211, 1212, 1215, 1216, 1220, 1222, 1224, 1225, 1226, 1228, 1233, 1235, 1236, 1237, 1240, 1241, 1246, 1248, 1251, 1254, 1257, 1259, 1260, 1261, 1262, 1263, 1264, 1268, 1271, 1273, 1274, 1278, 1281, 1284, 1288, 1300, 1301, 1302, 1307, 1310, 1311, 1313, 1319, 1321, 1322, 1323, 1324, 1325, 1344, 1347, 1351, 1353, 1354, 1355, 1364, 1365, 1366, 1370, 1371, 1372, 1375, 1377, 1381, 1382, 1383, 1384, 1385, 1386, 1387]

prandtl { df : 53, tf : 70 } posting list [2, 23, 37, 49, 50, 54, 55, 62, 98, 101, 115, 185, 240, 258, 268, 269, 300, 302, 306, 307, 310, 325, 328, 351, 352, 375, 383, 389, 398, 460, 474, 534, 538, 559, 560, 562, 565, 570, 611, 661, 662, 703, 784, 962, 1072, 1149, 1226, 1241, 1366, 1372, 1374, 1384, 1386]

nasa { df : 145, tf : 148 } posting list [53, 58, 68, 69, 76, 78, 80, 82, 83, 160, 161, 162, 163, 164, 211, 272, 275, 302, 312, 413, 421, 449, 492, 564, 634, 638, 639, 685, 686, 688, 690, 691, 696, 704, 708, 709, 711, 712, 713, 716, 717, 718, 727, 758, 759, 766, 769, 781, 805, 806, 807, 808, 809, 810, 815, 816, 838, 840, 857, 858, 859, 862, 863, 888, 897, 898, 930, 944, 945, 946, 947, 948, 949, 955, 956, 957, 966, 967, 970, 971, 972, 973, 988, 989, 994, 996, 997, 999, 1000, 1001, 1064, 1065, 1066, 1068, 1069, 1070, 1071, 1077, 1089, 1091, 1093, 1098, 1099, 1100, 1101, 1102, 1105, 1106, 1107, 1112, 1114, 1143, 1146, 1153, 1156, 1162, 1163, 1165, 1166, 1167, 1168, 1169, 1170, 1178, 1270, 1289, 1290, 1291, 1292, 1293, 1294, 1307, 1311, 1331, 1344, 1346, 1347, 1348, 1349, 1350, 1351, 1355, 1356, 1359, 1380]

reynold { df : 198, tf : 377 } posting list [7, 8, 9, 25, 37, 43, 50, 53, 54, 55, 62, 63, 73, 76, 79, 80, 89, 96, 99, 103, 115, 117, 120, 123, 125, 128, 132, 133, 134, 139, 141, 149, 151, 165, 174, 179, 182, 184, 185, 187, 188, 189, 197, 199, 205, 208, 212, 218, 223, 225, 228, 238, 244, 254, 255, 257, 261, 272, 294, 299, 304, 314, 315, 328, 329, 338, 343, 346, 347, 351, 361, 371, 372, 413, 417, 423, 434, 441, 443, 486, 491, 493, 504, 505, 519, 522, 530, 536, 537, 554, 555, 564, 566, 572, 576, 610, 630, 636, 646, 657, 662, 663, 666, 667, 668, 670, 671, 675, 689, 690, 694, 696, 709, 710, 712, 713, 759, 776, 780, 793, 794, 796, 798, 808, 812, 815, 816, 861, 874, 941, 947, 949, 959, 962, 964, 965, 970, 971, 972, 976, 979, 992, 993, 996, 999, 1007, 1010, 1040, 1076, 1078, 1080, 1081, 1082, 1085, 1107, 1133, 1152, 1159, 1188, 1191, 1198, 1205, 1211, 1212, 1214, 1218, 1221, 1222, 1226, 1229, 1239, 1242, 1244, 1254, 1256, 1257, 1258, 1263, 1264, 1278, 1281, 1284, 1292, 1300, 1302, 1313, 1322, 1324, 1347, 1349, 1351, 1355, 1364, 1367, 1378, 1381, 1394, 1395]

shock { df : 221, tf : 613 } posting list [2, 20, 25, 35, 37, 38, 58, 64, 65, 69, 71, 72, 74, 93, 110, 123, 132, 142, 160, 167, 169, 170, 171, 175, 177, 178, 190, 192, 193, 201, 205, 211, 212, 213, 221, 252, 253, 256, 262, 263, 265, 272, 276, 282, 283, 291, 308, 309, 310, 311, 315, 317, 318, 319, 323, 328, 329, 334, 335, 345, 358, 369, 373, 401, 402, 403, 410, 411, 415, 416, 421, 423, 438, 439, 456, 469, 473, 482, 483, 490, 495, 496, 501, 503, 504, 517, 518, 523, 526, 541, 547, 552, 556, 557, 568, 569, 570, 571, 572, 575, 576, 595, 609, 612, 625, 626, 630, 636, 654, 656, 663, 665, 666, 667, 688, 689, 692, 693, 694, 710, 757, 794, 797, 798, 800, 802, 803, 804, 805, 806, 807, 808, 809, 810, 811, 865, 868, 903, 917, 939, 946, 947, 949, 975, 976, 983, 998, 1010, 1077, 1105, 1107, 1114, 1140, 1143, 1151, 1156, 1157, 1158, 1161, 1179, 1181, 1186, 1187, 1188, 1189, 1191, 1195, 1198, 1202, 1203, 1204, 1208, 1213, 1218, 1222, 1224, 1225, 1228, 1230, 1231, 1234, 1238, 1239, 1245, 1247, 1248, 1252, 1257, 1258, 1263, 1264, 1267, 1274, 1276, 1297, 1298, 1299, 1300, 1303, 1307, 1309, 1310, 1313, 1314, 1315, 1316, 1317, 1318, 1319, 1326, 1327, 1356, 1364, 1367, 1377, 1378, 1389, 1390, 1391, 1394, 1395]

pressure { df : 523, tf : 1280 } posting list [3, 10, 11, 14, 15, 16, 19, 20, 25, 27, 35, 36, 37, 38, 39, 44, 49, 53, 54, 55, 56, 57, 58, 59, 62, 63, 64, 70, 74, 75, 76, 77, 79, 80, 84, 85, 89, 94, 96, 97, 101, 109, 110, 112, 114, 115, 116, 120, 121, 122, 123, 124, 126, 128, 133, 134, 138, 139, 140, 141, 147, 152, 155, 165, 166, 168, 169, 173, 174, 175, 176, 177, 179, 183, 185, 186, 187, 188, 189, 191, 192, 193, 194, 196, 197, 198, 205, 206, 209, 210, 211, 212, 213, 215, 216, 220, 222, 225, 226, 227, 230, 232, 234, 236, 239, 240, 241, 242, 245, 247, 248, 250, 252, 257, 258, 259, 262, 263, 276, 277, 282, 283, 285, 287, 289, 291, 292, 294, 296, 297, 302, 304, 305, 307, 308, 309, 310, 311, 312, 328, 329, 332, 334, 335, 345, 346, 347, 348, 352, 354, 356, 358, 363, 364, 370, 372, 373, 379, 383, 388, 391, 403, 406, 409, 411, 413, 414, 415, 416, 421, 423, 426, 427, 430, 431, 435, 439, 443, 452, 454, 456, 458, 465, 466, 467, 468, 470, 473, 484, 486, 487, 489, 491, 492, 495, 496, 498, 506, 508, 513, 514, 518, 519, 522, 525, 528, 529, 535, 536, 540, 545, 556, 557, 558, 562, 563, 564, 565, 566, 567, 569, 573, 574, 583, 589, 592, 595, 599, 601, 602, 603, 605, 610, 612, 624, 625, 626, 631, 633, 635, 636, 637, 650, 652, 653, 654, 655, 661, 662, 663, 664, 665, 671, 672, 673, 675, 679, 680, 681, 687, 688, 689, 690, 691, 692, 693, 694, 695, 696, 697, 704, 710, 714, 720, 721, 722, 723, 729, 733, 743, 757, 761, 763, 765, 766, 770, 772, 773, 781, 783, 791, 794, 798, 800, 801, 804, 805, 806, 808, 809, 810, 811, 814, 815, 827, 830, 831, 838, 839, 846, 847, 852, 856, 857, 858, 859, 876, 891, 893, 894, 897, 900, 901, 903, 904, 907, 917, 921, 922, 924, 926, 927, 934, 937, 938, 939, 941, 943, 945, 946, 948, 949, 954, 956, 957, 961, 964, 966, 967, 970, 971, 972, 973, 974, 975, 979, 984, 985, 986, 991, 992, 993, 994, 996, 1001, 1002, 1003, 1004, 1008, 1009, 1010, 1011, 1021, 1031, 1033, 1034, 1039, 1040, 1042, 1043, 1051, 1053, 1054, 1055, 1056, 1062, 1064, 1066, 1067, 1068, 1070, 1071, 1074, 1075, 1076, 1080, 1081, 1082, 1090, 1091, 1092, 1093, 1097, 1103, 1104, 1106, 1107, 1111, 1114, 1116, 1117, 1118, 1119, 1124, 1125, 1126, 1129, 1130, 1131, 1132, 1133, 1134, 1135, 1136, 1137, 1139, 1143, 1144, 1145, 1151, 1154, 1155, 1156, 1157, 1165, 1166, 1171, 1172, 1173, 1175, 1182, 1183, 1184, 1185, 1187, 1188, 1191, 1193, 1195, 1198, 1200, 1201, 1204, 1205, 1207, 1208, 1216, 1222, 1224, 1225, 1226, 1227, 1229, 1230, 1231, 1232, 1233, 1234, 1235, 1237, 1238, 1239, 1246, 1247, 1248, 1250, 1254, 1258, 1259, 1261, 1262, 1263, 1264, 1267, 1271, 1274, 1276, 1277, 1281, 1283, 1285, 1292, 1303, 1304, 1306, 1307, 1309, 1310, 1311, 1312, 1313, 1315, 1319, 1321, 1323, 1326, 1335, 1336, 1350, 1351, 1352, 1355, 1356, 1364, 1365, 1366, 1370, 1371, 1378, 1381, 1382, 1386, 1390]

flow { df : 715, tf : 1968 } posting list [1, 2, 3, 4, 6, 7, 9, 16, 17, 18, 19, 21, 22, 23, 24, 25, 26, 27, 28, 33, 34, 35, 36, 37, 38, 39, 44, 45, 48, 49, 50, 51, 52, 53, 54, 55, 56, 57, 58, 59, 60, 61, 62, 63, 64, 69, 70, 72, 73, 74, 81, 84, 85, 86, 87, 88, 89, 91, 93, 94, 96, 97, 98, 102, 103, 105, 106, 109, 110, 112, 115, 116, 117, 118, 119, 120, 121, 122, 123, 124, 125, 128, 131, 132, 133, 134, 135, 138, 144, 145, 146, 147, 148, 149, 150, 152, 155, 157, 159, 160, 161, 165, 166, 167, 169, 170, 171, 173, 174, 175, 176, 177, 179, 180, 182, 183, 184, 186, 187, 188, 189, 190, 191, 192, 193, 196, 197, 198, 199, 201, 203, 204, 205, 206, 207, 208, 211, 212, 213, 216, 217, 221, 222, 224, 225, 227, 228, 229, 230, 231, 232, 234, 236, 237, 240, 241, 242, 243, 244, 247, 248, 252, 257, 258, 259, 261, 265, 266, 267, 268, 269, 270, 273, 274, 277, 278, 280, 283, 287, 289, 292, 294, 296, 297, 298, 299, 300, 303, 304, 305, 306, 307, 308, 309, 310, 311, 312, 313, 314, 315, 316, 317, 318, 319, 322, 323, 324, 325, 326, 327, 328, 329, 332, 333, 334, 335, 340, 341, 342, 344, 346, 347, 348, 349, 351, 352, 356, 358, 360, 361, 363, 364, 365, 366, 370, 371, 372, 373, 375, 376, 377, 378, 379, 380, 381, 382, 383, 385, 386, 387, 388, 389, 391, 393, 394, 395, 398, 401, 402, 404, 406, 407, 410, 413, 415, 417, 418, 420, 421, 423, 426, 427, 428, 430, 433, 435, 439, 440, 442, 443, 444, 445, 450, 452, 453, 455, 456, 457, 458, 459, 460, 461, 464, 465, 466, 467, 468, 469, 470, 472, 475, 477, 481, 483, 485, 486, 487, 489, 490, 491, 494, 495, 496, 498, 500, 501, 503, 504, 507, 508, 511, 514, 521, 522, 523, 525, 526, 527, 528, 529, 530, 531, 533, 534, 535, 536, 537, 538, 539, 540, 541, 544, 545, 547, 549, 550, 552, 556, 557, 560, 561, 562, 563, 564, 565, 567, 569, 570, 571, 572, 574, 575, 576, 577, 578, 579, 583, 587, 588, 589, 590, 592, 593, 597, 600, 601, 602, 603, 604, 606, 607, 610, 612, 623, 624, 625, 626, 627, 629, 630, 632, 633, 634, 635, 637, 646, 651, 652, 653, 655, 656, 657, 658, 659, 660, 661, 662, 663, 665, 666, 667, 668, 669, 672, 675, 680, 682, 683, 686, 687, 688, 689, 690, 691, 692, 693, 696, 697, 699, 700, 701, 702, 704, 705, 706, 710, 714, 719, 748, 749, 750, 751, 754, 757, 767, 770, 771, 772, 773, 774, 775, 779, 781, 784, 785, 789, 792, 793, 794, 795, 797, 798, 799, 800, 801, 802, 803, 814, 817, 818, 820, 825, 856, 857, 869, 872, 873, 892, 894, 895, 899, 900, 901, 902, 903, 906, 907, 915, 916, 917, 918, 919, 920, 921, 922, 927, 933, 939, 940, 941, 942, 943, 944, 945, 947, 949, 959, 960, 963, 964, 965, 966, 967, 970, 974, 975, 977, 979, 980, 981, 983, 984, 985, 986, 987, 988, 989, 990, 992, 993, 994, 996, 998, 1002, 1003, 1006, 1007, 1009, 1010, 1014, 1024, 1040, 1061, 1064, 1072, 1073, 1074, 1076, 1078, 1080, 1081, 1082, 1083, 1084, 1085, 1086, 1093, 1104, 1105, 1106, 1107, 1108, 1110, 1112, 1119, 1124, 1128, 1139, 1141, 1142, 1143, 1144, 1148, 1149, 1151, 1153, 1154, 1156, 1157, 1158, 1159, 1164, 1165, 1166, 1179, 1180, 1181, 1182, 1184, 1186, 1187, 1189, 1190, 1193, 1194, 1195, 1198, 1200, 1201, 1202, 1203, 1204, 1205, 1207, 1209, 1210, 1212, 1213, 1216, 1220, 1221, 1222, 1224, 1225, 1227, 1228, 1229, 1230, 1231, 1232, 1233, 1234, 1235, 1236, 1237, 1238, 1239, 1241, 1242, 1244, 1245, 1246, 1248, 1249, 1250, 1251, 1252, 1253, 1254, 1255, 1256, 1259, 1260, 1261, 1262, 1263, 1265, 1266, 1267, 1268, 1269, 1270, 1272, 1273, 1274, 1275, 1277, 1278, 1280, 1281, 1282, 1283, 1284, 1287, 1288, 1289, 1295, 1296, 1297, 1301, 1302, 1303, 1304, 1306, 1307, 1309, 1310, 1313, 1315, 1318, 1319, 1321, 1322, 1323, 1324, 1325, 1328, 1330, 1332, 1334, 1336, 1339, 1341, 1343, 1351, 1353, 1354, 1356, 1365, 1367, 1368, 1370, 1371, 1373, 1374, 1375, 1377, 1382, 1383, 1385, 1386, 1390, 1391, 1393, 1394]

nasa : { df : 145, tf : 148 } posting list [53, 58, 68, 69, 76, 78, 80, 82, 83, 160, 161, 162, 163, 164, 211, 272, 275, 302, 312, 413, 421, 449, 492, 564, 634, 638, 639, 685, 686, 688, 690, 691, 696, 704, 708, 709, 711, 712, 713, 716, 717, 718, 727, 758, 759, 766, 769, 781, 805, 806, 807, 808, 809, 810, 815, 816, 838, 840, 857, 858, 859, 862, 863, 888, 897, 898, 930, 944, 945, 946, 947, 948, 949, 955, 956, 957, 966, 967, 970, 971, 972, 973, 988, 989, 994, 996, 997, 999, 1000, 1001, 1064, 1065, 1066, 1068, 1069, 1070, 1071, 1077, 1089, 1091, 1093, 1098, 1099, 1100, 1101, 1102, 1105, 1106, 1107, 1112, 1114, 1143, 1146, 1153, 1156, 1162, 1163, 1165, 1166, 1167, 1168, 1169, 1170, 1178, 1270, 1289, 1290, 1291, 1292, 1293, 1294, 1307, 1311, 1331, 1344, 1346, 1347, 1348, 1349, 1350, 1351, 1355, 1356, 1359, 1380]
docId 53 : { docId : 53, maxTf : 11, docLen : 235}
docId 58 : { docId : 58, maxTf : 6, docLen : 187}
docId 68 : { docId : 68, maxTf : 6, docLen : 124}
docId 69 : { docId : 69, maxTf : 4, docLen : 144}

Term with largest df in index1 : to max df is 1252
Term with lowest df in index1 : ... min df is 1

Term with largest df in index2 : to max df is 1252
Term with lowest df in index2 :  min df is 1

Doc with largest maxtf in collection : 673 docId is 673
Doc with largest max docLen in collection : 708 docId is 1313


Outputs file size :

//Storing lemma in uncompressed format
//DocInfo file : (DocId, maxtf, docLength ) (4 bytes, 4 bytes, 4 bytes) (12 bytes for each doc * 1400 doc )(16.8k)
//posting ptr : (docId, docId, docId) (4 bytes for each docId)
//Index : (lemma of term , df, tf, posting pointer) fixed width(34 bytes, 4 bytes, 4 bytes, 4 bytes) (42 bytes for each term)

17K  INDEX_UNCOMPRESS_VERSION1_DOCINFO 
413K INDEX_UNCOMPRESS_VERSION1_POSTING_PTR
383K INDEX_UNCOMPRESS_VERSION1_INDEX



//stemma
//DocInfo file : (DocId, maxtf, docLength ) (4 bytes, 4 bytes, 4 bytes) (12 bytes for each doc * 1400 doc )(16.8k)
//posting ptr : (docId, docId, docId) (4 bytes for each docId)
//Index : (stemma of term , df, tf, posting pointer) fixed width(34 bytes, 4 bytes, 4 bytes, 4 bytes) (42 bytes for each term)

17K  INDEX_UNCOMPRESS_VERSION2_DOCINFO
408K INDEX_UNCOMPRESS_VERSION2_POSTING_PTR
321K INDEX_UNCOMPRESS_VERSION2_INDEX



//lemma block compression
//DocInfo file : (DocId, maxtf, docLength ) (4 bytes, 4 bytes, 4 bytes) (12 bytes for each doc * 1400 doc )(16.8k)
//Posting_ptr : variable length encoding (gammaCode for docId, gammacode for gap, gammaCode for gap) (variable length bytes)
//Term : Block Compressed where k = 8 (1 byte for length , len bytes for term, 1 byte for length, length bytes for term , ..)
//Index :  k = 8 (Term ptr, ((df, tf, posting ptr) (repeated 8 times)), 8th Term ptr, ((df, tf, posting ptr) (repeated 8 times)))
//(4 bytes, (4 bytes, 4 bytes, 4 bytes) * 8) for one block of k = 8 (100 bytes for on block)

17K  INDEX_COMPRESS_VERSION1_DOCINFO
152K INDEX_COMPRESS_VERSION1_POSTING_PTR
79K  INDEX_COMPRESS_VERSION1_TERM
105K INDEX_COMPRESS_VERSION1_INDEX


//stemma front coding
//DocInfo file : (DocId, maxtf, docLength ) (4 bytes, 4 bytes, 4 bytes) (12 bytes for each doc * 1400 doc )(16.8k)
//Posting_ptr : variable length encoding (delta code for docId, delta code for gap, delta code for gap, ...)
//Term : Front Coding with k = 8,
//(1 byte for length, longest common prefix for next 8 terms, *, rest of first term, 1 byte for length, #, next term without prefix, ...)
//[ae, aerodynamic, aeroplane, ae00 ] = for k = 3 [ 2ae*9#rodynamic7#roplane][..]
//Index : k = 8 (Term ptr, ((df, tf, posting ptr) (repeated 8 times)), 8th Term ptr, ((df, tf, posting ptr) (repeated 8 times)))
//(4 bytes, (4 bytes, 4 bytes, 4 bytes) * 8) for one block of k = 8 (100 bytes for on block)

17K  INDEX_COMPRESS_VERSION2_DOCINFO
140K INDEX_COMPRESS_VERSION2_POSTING_PTR
51K  INDEX_COMPRESS_VERSION2_TERM
88K  INDEX_COMPRESS_VERSION2_INDEX




